263583
21260
10467
5835
80436
51025
197317
229377
5835
31293
834178
10354
31293
1397394
3691006
2215830
24010
21057
980572
306573
10467
2247
170433
5835
10354
2202321
31293
2247
34055
345181
57318
2247
37055
122575
141633
2247
1200
21260
18360
24010
31293
10354
10354
10467
21260
345181
5835
24010
31293
117452
10467
37055
612970
357420
1834392
5835
10354
24010
5835
37055
24010
80436
34055
2247
10467
51025
21260
57318
2247
2247
21057
10354
10354
82010105
38082
37055
5835
80436
2247
80436
2247
67656
2247
5835
2247
1397394
24010
31293
2247
57318
67656
1187713
835478
34055
51025
15031
10354
5835
350549
67656
24010
62310
1403522
80436
21260
2247
31293
37055
197317
5835
682354
10467
2247
21260
67656
43675844
672950
19779801
21260
24010
2247
34055
117452
67656
98311
9701423
24010
18360
2247
2247
10354
31293
49204
1200
10467
23110
51025
18360
10467
5835
15031
34055
122575
24010
37055
62310
51025
51025
1543977
21260
2247
62310
34055
57318
65612006
173365
5835
2247
117452
437378
17227
38082
31293
31293
21057
5835
122102
294169
50574
62310
2247
980572
357420
10467
146306
2247
122102
10354
5835
37055
2247
10354
2247
72357
10467
18360
31293
10354
10467
129898
629010
2247
57318
15031
577931
2247
31293
17618750
301364
21260
74689
2647396
21057
10467
34055
4898
5835
10467
34055
1762981
74689
37055
5835
21260
38709
173365
72357
15031
249753
2247
80436
37055
10354
18360
15031
5835
1149572
21260
24010
5835
24010
146306
10467
10354
2247
292143
21260
3146613
2247
210993
629010
236508
51025
5835
37055
192915
10354
21260
31293
10354
80436
10467
15031
5835
51025
21260
122102
292143
2202321
18360
117452
2247
2247
10354
18360
34055
23110
15031
21260
57318
270933
1200
390124
2247
24010
10467
24010
629010
92953
10467
2247
38709
50574
21057
34055
1149572
390124
2247
18360
21260
37055
21260
21260
10354
2247
2009388
88582
475863
2247
24010
18360
7710
21260
18360
481210
2247
2247
82940
37055
2247
21260
10354
101742
6096894
98311
51025
21260
629010
2247
50574
10467
2647396
10354
229377
2247
37055
2247
7710
2247
2247
2247
350549
18360
18360
24010
51025
18360
21260
82940
2247
2247
7589
10467
15031
1200
10467
1223880
210993
31293
1200
18360
173365
17227
2401993
15031
67656
7589
37055
1321868
21057
21260
51025
67656
10354
38082
34055
2247
5835
5835
3691006
2247
10354
2247
67656
62310
51025
263583
5835
10467
38082
1200
2247
51025
74689
5835
10354
7589
263583
835478
4223094
18360
229377
141633
24010
2247
2247
14392203
10467
2247
67656
18360
2247
58004243
37055
4898
17227
24010
16803560
1114183
10354
2247
2247
2247
465859
21260
21057
12129188
21260
2247
2247
10467
834178
98311
595046
51025
357420
10467
10467
445812
5835
292143
2247
18360
23110
21260
10467
10354
31293
34055
24010
34055
24010
15031
51025
2714851
2247
2247
38709
24010
249753
18360
174988
5835
37055
21260
10354
682354
34055
49204
21057
10467
10354
465859
80436
31293
612970
23110
57500
941327
257926476
10467
10467
18360
21260
2247
21260
21260
80436
72357
31293
51025
15031
10467
10354
51025
37055
31293
10467
1200
21057
2247
92953
12810731
10354
34055
141633
2247
2247
34055
2247
31293
51025
2247
15031
220712
2247
67656
18360
2247
15031
2247
37055
2247
24010
21260
10354
345181
122102
21260
80436
117452
10354
18360
21057
21260
1515526
7710
2564315
18360
4264870
270933
2247
21260
170433
7589
21057
236508
10354
67656
2247
249753
475863
2247
2247
125758
2247
34055
2247
263583
15031
38709
5835
5625132
2247
2247
10467
10467
2247
10467
2247
24010
51025
141633
5835
57318
2247
309441
67656
1250021
2247
21260
21260
5835
2247
15031
390124
17227
37055
38082
38709
2247
5835
5835
10354
279047
38082
117452
18360
117452
5835
2247
5835
292143
2247
24010
26159286
5835
2247
5835
1200
5835
5835
12584372
24010
292172
51025
21260
2247
192915
2247
860307
2247
2247
10354
37055
269551
24010
229377
10467
57318
10467
67656
210993
5835
5670784
31293
2247
2247
2247
7589
18360
2247
5835
62310
34055
57500
23110
37055
2247
34055
82940
210993
5835
146306
10354
7589
2247
6016281
15031
2247
2247
18360
2247
18360
345181
5020495
249753
146306
1342681
2247
3109786
10467
2247
24010
2247
10467
177069
21260
37055
734357437
2247
67656
37055
24010
20562465
345181
207946
53187
2247
10467
21057
10467
465859
10354
4223094
17227
2247
31293
2247
10354
2247
2247
270933
18360
995262
129898
131453
220712
5835
49204
31293
2332016
67656
18360
31293
2247
301364
31293
10354
702697
5835
15031
57500
38709
2247
18360
7710
1200
2247
31293
57318
21057
18360
1200
5835
2247
24010
10467
2247
2247
74689
141633
5835
21260
433166
31293
2247
9026091
2247
2247
1200
37055
2247
57318
10354
34055
792868
31293
80436
18360
10354
38082
1520005
236508
57318
236508
21057
10467
345181
2247
2247
31293
21057
18360
162813
1049519
23110
5835
72357
173365
897353
10354
5835
34055
51025
1200
21260
1200
24010
98311
2247
2483226
24010
67656
55651135
11055157
292143
31293
5835
5835
5835
10467
67656
2247
131453
18360
21260
51025
37055
80436
2247
2247
2247
2247
31293
834178
57318
2247
263583
5835
2247
2247
15031
51025
2247
18360
5835
18360
5294799
10354
10354
15031
37055
37055
34055
129898
31293
19920526
37055
67656
5835
87573
5835
57500
2247
686515
2247
18360
10354
18360
10354
117452
2247
2247
10354
5835
10354
10467
2247
34055
31293
18360
21057
269551
18360
37055
28400034
31293
82940
2247
1200
21260
34055
509316
80436
2714851
18360
279047
582431
10467
132646
67656
2247
10467
2247
10354
5835
34055
24010
10354
31293
10354
117671
2247
69477236
2247
10354
5835
10467
29112878
1698831
34055
82940
34055
509316
1511756
15031
345181
2247
197317
5835
631792
281169
10467
2247
7710
292172
51025
7710
67656
37055
3547308
2247
7269743
17227
23110
37055
87573
21260
18360
2247
5835
220712
34055
125758
5835
174988
31293
2247
2066322
10467
18360
31293
10467
2247
34055
5835
5835
192915
1511756
263583
24010
21260
10467
10467
53187
10467
42273
67656
5835
5835
17227
10354
10354
2247
249753
34055
21260
18360
21260
10467
5835
21260
2247
57318
2247
15031
117452
2247
958027
24010
10354
249753
10354
51025
51025
34055
24010
10354
17227
2247
2247
37055
1402550
23096686
57318
5835
5439737
18360
18360
11743088
7589
5835
34055
2247
345181
9701423
51025
50574
10354
