2000
201 202
308 309
673 674
176 177
1327 1328
403 404
583 584
1269 1270
1501 1502
361 362
932 933
497 498
1013 1014
751 752
1835 1836
1038 1039
1517 1518
1257 1258
938 939
466 467
1053 1054
1406 1407
1179 1180
928 929
1632 1633
1010 1011
1389 1390
1385 1386
1552 1553
698 699
880 881
1044 1045
567 568
1564 1565
210 211
1486 1487
1399 1400
1135 1136
1876 1877
1775 1776
226 227
869 870
243 244
1639 1640
987 988
1132 1133
168 169
1018 1019
1219 1220
334 335
225 226
301 302
1192 1193
292 293
139 140
859 860
978 979
694 695
1804 1805
843 844
936 937
206 207
704 705
92 93
1101 1102
64 65
1514 1515
769 770
762 763
996 997
534 535
1689 1690
40 41
1042 1043
1885 1886
924 925
407 408
896 897
131 132
435 436
233 234
1870 1871
261 262
1937 1938
46 47
676 677
276 277
338 339
1817 1818
486 487
825 826
650 651
599 600
419 420
877 878
262 263
731 732
224 225
227 228
1682 1683
1605 1606
1935 1936
1402 1403
83 84
98 99
1077 1078
1705 1706
808 809
664 665
1560 1561
516 517
33 34
794 795
832 833
173 174
281 282
1809 1810
966 967
828 829
1278 1279
1094 1095
1500 1501
718 719
1472 1473
1353 1354
279 280
67 68
347 348
979 980
1877 1878
1721 1722
1634 1635
43 44
1055 1056
109 110
1319 1320
1253 1254
1394 1395
1309 1310
272 273
1114 1115
768 769
776 777
646 647
1640 1641
1845 1846
1961 1962
742 743
1063 1064
1926 1927
1456 1457
879 880
580 581
1382 1383
72 73
1957 1958
910 911
1503 1504
1738 1739
394 395
49 50
1638 1639
524 525
1169 1170
1692 1693
1846 1847
1864 1865
162 163
266 267
1687 1688
1785 1786
31 32
423 424
1808 1809
174 175
1232 1233
1828 1829
8 9
637 638
609 610
1553 1554
320 321
175 176
0 1
1941 1942
1447 1448
1948 1949
1098 1099
917 918
217 218
1156 1157
1546 1547
1175 1176
1664 1665
506 507
1432 1433
559 560
1056 1057
1335 1336
367 368
1626 1627
153 154
52 53
955 956
1008 1009
469 470
812 813
1469 1470
763 764
501 502
1589 1590
1112 1113
1166 1167
1913 1914
575 576
374 375
456 457
1592 1593
409 410
1988 1989
1610 1611
1196 1197
1384 1385
1991 1992
931 932
1735 1736
750 751
1922 1923
772 773
278 279
1690 1691
30 31
1127 1128
935 936
1617 1618
1976 1977
330 331
1281 1282
25 26
571 572
767 768
1154 1155
152 153
34 35
1371 1372
283 284
111 112
150 151
525 526
1593 1594
263 264
545 546
359 360
1023 1024
1683 1684
827 828
1813 1814
1104 1105
474 475
1039 1040
1698 1699
891 892
744 745
1249 1250
632 633
436 437
333 334
669 670
1516 1517
1704 1705
847 848
402 403
602 603
933 934
467 468
1108 1109
1931 1932
1637 1638
103 104
1815 1816
991 992
1960 1961
623 624
1939 1940
1459 1460
1011 1012
416 417
1661 1662
384 385
1805 1806
1438 1439
1292 1293
517 518
219 220
1028 1029
1446 1447
434 435
1474 1475
683 684
726 727
1273 1274
636 637
32 33
802 803
1236 1237
1315 1316
172 173
547 548
721 722
715 716
1191 1192
1407 1408
59 60
527 528
1776 1777
326 327
1565 1566
1524 1525
81 82
298 299
876 877
1569 1570
1178 1179
1254 1255
761 762
1326 1327
1975 1976
1723 1724
995 996
951 952
446 447
897 898
1030 1031
228 229
1427 1428
2 3
961 962
960 961
107 108
686 687
1548 1549
1814 1815
1424 1425
1676 1677
1880 1881
509 510
1528 1529
1746 1747
1049 1050
901 902
803 804
1722 1723
1536 1537
97 98
1972 1973
1596 1597
1669 1670
1675 1676
1487 1488
510 511
1855 1856
970 971
1858 1859
1419 1420
523 524
363 364
1901 1902
148 149
911 912
551 552
1158 1159
1770 1771
1397 1398
5 6
1088 1089
1340 1341
1643 1644
508 509
328 329
489 490
1022 1023
113 114
766 767
1272 1273
965 966
1213 1214
1359 1360
1688 1689
661 662
819 820
454 455
770 771
1900 1901
791 792
1792 1793
790 791
1933 1934
85 86
35 36
1672 1673
1061 1062
1720 1721
300 301
956 957
985 986
1830 1831
1083 1084
1410 1411
1494 1495
540 541
1618 1619
406 407
1461 1462
1819 1820
1285 1286
1647 1648
1826 1827
1628 1629
681 682
1468 1469
944 945
625 626
86 87
1391 1392
654 655
1654 1655
1100 1101
1578 1579
1147 1148
311 312
1176 1177
1699 1700
670 671
949 950
1730 1731
1151 1152
865 866
18 19
1195 1196
1898 1899
878 879
346 347
484 485
1062 1063
1014 1015
1103 1104
1685 1686
946 947
1695 1696
1579 1580
1159 1160
41 42
1185 1186
1510 1511
305 306
181 182
1119 1120
1347 1348
187 188
1588 1589
6 7
697 698
1982 1983
1750 1751
574 575
607 608
1182 1183
626 627
93 94
672 673
341 342
826 827
913 914
1000 1001
1288 1289
691 692
1386 1387
1226 1227
1736 1737
512 513
1863 1864
1291 1292
1519 1520
1171 1172
1308 1309
793 794
1121 1122
818 819
1344 1345
413 414
1136 1137
1918 1919
1433 1434
1210 1211
1981 1982
665 666
1496 1497
1921 1922
1095 1096
120 121
482 483
417 418
1541 1542
1585 1586
458 459
1513 1514
1490 1491
1651 1652
1526 1527
442 443
177 178
1966 1967
1678 1679
163 164
1466 1467
1274 1275
667 668
121 122
1848 1849
798 799
1 2
1987 1988
606 607
1050 1051
875 876
58 59
1875 1876
817 818
1748 1749
663 664
550 551
839 840
470 471
1296 1297
642 643
1906 1907
1370 1371
29 30
1090 1091
254 255
890 891
1717 1718
324 325
293 294
182 183
286 287
1986 1987
1545 1546
1924 1925
1473 1474
1143 1144
382 383
1727 1728
945 946
1550 1551
556 557
96 97
1106 1107
1409 1410
1932 1933
1985 1986
1608 1609
420 421
1897 1898
820 821
1518 1519
1849 1850
1889 1890
1694 1695
216 217
1489 1490
61 62
1174 1175
635 636
1859 1860
426 427
1422 1423
289 290
1665 1666
561 562
318 319
1930 1931
1732 1733
1667 1668
178 179
929 930
411 412
871 872
1111 1112
1642 1643
598 599
1973 1974
1400 1401
205 206
864 865
1599 1600
573 574
57 58
294 295
1418 1419
15 16
1801 1802
732 733
1137 1138
616 617
856 857
191 192
197 198
1834 1835
716 717
900 901
1297 1298
600 601
728 729
894 895
1275 1276
1417 1418
1821 1822
578 579
1045 1046
846 847
306 307
1379 1380
1974 1975
941 942
1677 1678
689 690
1747 1748
1888 1889
1218 1219
1440 1441
1247 1248
957 958
971 972
1355 1356
1034 1035
515 516
754 755
303 304
1575 1576
1527 1528
1323 1324
1600 1601
1515 1516
967 968
1802 1803
1248 1249
1983 1984
428 429
130 131
962 963
1649 1650
1339 1340
1568 1569
786 787
1744 1745
1796 1797
1949 1950
1741 1742
343 344
304 305
1780 1781
904 905
1573 1574
1993 1994
841 842
1962 1963
487 488
1497 1498
1431 1432
381 382
1766 1767
837 838
390 391
362 363
660 661
593 594
1144 1145
1058 1059
874 875
331 332
1663 1664
887 888
1435 1436
448 449
1149 1150
1204 1205
1142 1143
1691 1692
1700 1701
1755 1756
10 11
1356 1357
1375 1376
370 371
134 135
1670 1671
1401 1402
1483 1484
418 419
53 54
349 350
1109 1110
465 466
1351 1352
1611 1612
1124 1125
1714 1715
3 4
1613 1614
316 317
89 90
699 700
99 100
959 960
518 519
988 989
1007 1008
90 91
1631 1632
1620 1621
1488 1489
194 195
651 652
884 885
485 486
746 747
223 224
1357 1358
1789 1790
662 663
1294 1295
27 28
912 913
84 85
373 374
445 446
647 648
1229 1230
1361 1362
1861 1862
678 679
1773 1774
353 354
221 222
1484 1485
354 355
1709 1710
1276 1277
239 240
1167 1168
193 194
801 802
717 718
1358 1359
1153 1154
1822 1823
835 836
1064 1065
189 190
1102 1103
38 39
639 640
604 605
1507 1508
588 589
1997 1998
1267 1268
1684 1685
1953 1954
1622 1623
463 464
441 442
234 235
358 359
700 701
71 72
45 46
332 333
1403 1404
1905 1906
914 915
95 96
1241 1242
14 15
764 765
481 482
135 136
1854 1855
17 18
1328 1329
164 165
947 948
432 433
1032 1033
329 330
229 230
1258 1259
885 886
145 146
476 477
836 837
1310 1311
1850 1851
1362 1363
376 377
344 345
380 381
1009 1010
1416 1417
619 620
290 291
724 725
360 361
1583 1584
388 389
1853 1854
749 750
1333 1334
522 523
1216 1217
1493 1494
735 736
1134 1135
106 107
1786 1787
1203 1204
693 694
468 469
1035 1036
605 606
1079 1080
1938 1939
430 431
28 29
1180 1181
1002 1003
314 315
1662 1663
1843 1844
862 863
840 841
1559 1560
1006 1007
1421 1422
119 120
1430 1431
713 714
1505 1506
564 565
1183 1184
348 349
916 917
982 983
1602 1603
641 642
22 23
246 247
939 940
1051 1052
214 215
631 632
1345 1346
1521 1522
104 105
297 298
634 635
1303 1304
499 500
1701 1702
1908 1909
994 995
1842 1843
1027 1028
1951 1952
288 289
1091 1092
7 8
1026 1027
1423 1424
1471 1472
868 869
461 462
1464 1465
1841 1842
613 614
822 823
1890 1891
391 392
1945 1946
557 558
597 598
765 766
1645 1646
1686 1687
582 583
66 67
438 439
1086 1087
1363 1364
1871 1872
1037 1038
1594 1595
269 270
1467 1468
242 243
1343 1344
1040 1041
1491 1492
1311 1312
1076 1077
1668 1669
937 938
926 927
1603 1604
1084 1085
1837 1838
16 17
714 715
1652 1653
1911 1912
800 801
1181 1182
397 398
1415 1416
1177 1178
1979 1980
1300 1301
236 237
1512 1513
1760 1761
1697 1698
1160 1161
392 393
1067 1068
1572 1573
771 772
1756 1757
1148 1149
415 416
1734 1735
478 479
138 139
1287 1288
1758 1759
1334 1335
553 554
203 204
125 126
9 10
1441 1442
1543 1544
834 835
1904 1905
1193 1194
1790 1791
1263 1264
1831 1832
1757 1758
1537 1538
759 760
906 907
829 830
1214 1215
1092 1093
1096 1097
26 27
1439 1440
657 658
73 74
412 413
473 474
1625 1626
54 55
755 756
1869 1870
1884 1885
1498 1499
154 155
198 199
1538 1539
1673 1674
39 40
1318 1319
1029 1030
1919 1920
313 314
528 529
1839 1840
357 358
1202 1203
60 61
1495 1496
1554 1555
1012 1013
614 615
860 861
1480 1481
342 343
611 612
1920 1921
1557 1558
404 405
422 423
202 203
677 678
1740 1741
774 775
696 697
576 577
1737 1738
1992 1993
643 644
1162 1163
1222 1223
848 849
1374 1375
325 326
1502 1503
1787 1788
1485 1486
638 639
824 825
1233 1234
1465 1466
844 845
785 786
1940 1941
500 501
1570 1571
594 595
1054 1055
1612 1613
999 1000
1131 1132
1455 1456
1648 1649
1085 1086
940 941
565 566
1349 1350
882 883
1630 1631
1186 1187
1116 1117
1173 1174
1325 1326
220 221
554 555
1893 1894
903 904
1020 1021
990 991
1168 1169
1807 1808
1366 1367
658 659
872 873
1582 1583
299 300
1262 1263
725 726
414 415
807 808
535 536
1765 1766
396 397
973 974
1674 1675
648 649
472 473
1718 1719
1284 1285
1946 1947
624 625
1680 1681
1408 1409
1437 1438
78 79
70 71
1016 1017
128 129
200 201
1967 1968
12 13
1959 1960
546 547
21 22
1891 1892
1304 1305
1998 1999
680 681
1520 1521
1715 1716
127 128
1445 1446
1558 1559
1847 1848
36 37
1003 1004
230 231
1883 1884
584 585
668 669
302 303
873 874
1833 1834
675 676
1405 1406
1260 1261
1071 1072
560 561
1246 1247
930 931
179 180
410 411
1797 1798
327 328
1743 1744
720 721
1383 1384
1482 1483
323 324
1768 1769
460 461
101 102
1146 1147
569 570
249 250
277 278
207 208
710 711
644 645
241 242
1556 1557
75 76
251 252
855 856
1504 1505
133 134
740 741
1947 1948
1208 1209
1655 1656
443 444
1923 1924
854 855
1301 1302
1448 1449
976 977
780 781
729 730
196 197
1352 1353
244 245
1644 1645
1463 1464
548 549
1198 1199
888 889
1069 1070
513 514
1133 1134
934 935
1270 1271
1623 1624
79 80
1212 1213
455 456
532 533
1230 1231
881 882
171 172
536 537
1784 1785
48 49
810 811
1093 1094
1129 1130
621 622
24 25
1895 1896
922 923
321 322
830 831
351 352
319 320
1710 1711
1476 1477
1478 1479
232 233
591 592
1316 1317
335 336
1562 1563
453 454
1200 1201
543 544
1242 1243
493 494
1322 1323
1927 1928
235 236
247 248
1330 1331
1629 1630
490 491
1917 1918
1844 1845
275 276
1799 1800
628 629
1751 1752
1726 1727
1313 1314
659 660
1477 1478
1825 1826
257 258
1377 1378
1731 1732
144 145
1576 1577
1964 1965
756 757
645 646
1434 1435
1865 1866
1952 1953
462 463
1120 1121
142 143
1460 1461
192 193
1621 1622
1194 1195
1265 1266
585 586
267 268
186 187
529 530
1336 1337
166 167
1636 1637
909 910
245 246
479 480
1752 1753
424 425
1470 1471
270 271
1245 1246
853 854
1163 1164
1829 1830
1616 1617
1277 1278
1024 1025
969 970
65 66
1107 1108
1771 1772
11 12
204 205
1716 1717
1251 1252
950 951
630 631
918 919
845 846
1881 1882
1912 1913
1243 1244
378 379
231 232
1052 1053
533 534
1914 1915
383 384
981 982
741 742
117 118
1293 1294
739 740
19 20
76 77
511 512
671 672
993 994
1117 1118
222 223
1561 1562
1004 1005
586 587
1968 1969
789 790
1387 1388
1540 1541
80 81
317 318
1886 1887
1360 1361
629 630
1950 1951
1824 1825
1954 1955
1658 1659
447 448
760 761
1314 1315
1657 1658
1696 1697
1729 1730
1878 1879
1199 1200
863 864
640 641
1671 1672
250 251
777 778
129 130
1150 1151
893 894
136 137
1929 1930
850 851
1733 1734
291 292
1759 1760
1443 1444
140 141
809 810
68 69
389 390
1800 1801
1302 1303
1338 1339
1268 1269
1290 1291
147 148
1832 1833
1586 1587
1252 1253
425 426
1152 1153
799 800
815 816
188 189
1457 1458
519 520
1767 1768
364 365
1539 1540
1238 1239
1380 1381
1337 1338
337 338
1080 1081
1769 1770
849 850
212 213
1724 1725
1971 1972
1666 1667
1598 1599
1237 1238
562 563
861 862
977 978
1708 1709
477 478
368 369
1788 1789
682 683
1068 1069
1087 1088
743 744
124 125
1872 1873
1909 1910
1341 1342
123 124
688 689
1015 1016
1601 1602
1221 1222
1223 1224
504 505
1907 1908
1580 1581
1450 1451
459 460
1860 1861
1581 1582
908 909
684 685
775 776
141 142
963 964
997 998
1372 1373
1306 1307
615 616
209 210
566 567
157 158
1791 1792
47 48
1587 1588
867 868
1295 1296
870 871
1547 1548
1299 1300
1703 1704
1577 1578
581 582
592 593
1591 1592
444 445
218 219
108 109
558 559
907 908
1584 1585
612 613
1910 1911
369 370
1894 1895
1414 1415
1915 1916
1378 1379
953 954
1551 1552
295 296
1994 1995
811 812
541 542
1529 1530
94 95
405 406
146 147
601 602
253 254
429 430
857 858
690 691
312 313
1624 1625
719 720
160 161
1305 1306
4 5
531 532
502 503
858 859
1836 1837
895 896
1184 1185
1990 1991
183 184
1155 1156
1862 1863
1811 1812
1452 1453
1078 1079
69 70
1376 1377
1944 1945
1977 1978
796 797
1619 1620
1041 1042
1793 1794
400 401
1321 1322
1113 1114
989 990
687 688
1761 1762
1089 1090
968 969
1060 1061
1856 1857
433 434
579 580
954 955
1444 1445
1161 1162
488 489
180 181
992 993
1283 1284
552 553
100 101
530 531
1533 1534
491 492
927 928
213 214
1331 1332
185 186
538 539
102 103
379 380
365 366
457 458
886 887
1354 1355
1866 1867
958 959
1702 1703
496 497
1794 1795
1381 1382
570 571
1646 1647
408 409
1190 1191
1197 1198
703 704
797 798
1719 1720
905 906
255 256
921 922
1532 1533
656 657
898 899
948 949
892 893
986 987
264 265
1989 1990
1205 1206
902 903
1070 1071
1369 1370
589 590
1066 1067
1783 1784
702 703
387 388
649 650
1523 1524
1615 1616
1211 1212
1429 1430
1220 1221
723 724
1653 1654
595 596
110 111
1059 1060
587 588
727 728
307 308
1072 1073
1324 1325
773 774
733 734
852 853
1317 1318
1074 1075
284 285
1781 1782
1827 1828
1398 1399
1140 1141
271 272
747 748
1641 1642
1812 1813
268 269
91 92
296 297
1123 1124
285 286
838 839
1280 1281
752 753
452 453
167 168
1996 1997
398 399
50 51
1255 1256
1542 1543
505 506
1005 1006
1660 1661
1896 1897
1105 1106
712 713
126 127
55 56
431 432
399 400
590 591
782 783
692 693
1525 1526
1627 1628
711 712
1508 1509
1693 1694
352 353
1420 1421
1393 1394
375 376
1234 1235
282 283
1225 1226
1388 1389
923 924
980 981
1713 1714
248 249
883 884
118 119
1115 1116
366 367
514 515
1706 1707
350 351
1373 1374
915 916
1261 1262
158 159
563 564
1892 1893
184 185
1868 1869
1778 1779
899 900
542 543
633 634
842 843
1348 1349
1099 1100
925 926
964 965
1506 1507
1228 1229
1312 1313
831 832
1201 1202
238 239
603 604
450 451
1046 1047
1449 1450
952 953
1217 1218
1535 1536
1250 1251
1925 1926
475 476
1749 1750
116 117
88 89
115 116
190 191
156 157
56 57
520 521
1604 1605
1188 1189
653 654
596 597
1852 1853
781 782
1350 1351
942 943
395 396
943 944
539 540
42 43
753 754
1838 1839
975 976
1036 1037
734 735
1753 1754
1936 1937
1396 1397
1453 1454
1509 1510
315 316
618 619
544 545
706 707
1816 1817
1411 1412
1329 1330
1139 1140
1239 1240
1806 1807
372 373
738 739
1567 1568
757 758
1227 1228
821 822
1492 1493
1774 1775
919 920
237 238
336 337
745 746
1563 1564
256 257
483 484
1019 1020
685 686
795 796
1017 1018
1916 1917
758 759
1597 1598
998 999
1873 1874
705 706
1879 1880
112 113
371 372
1803 1804
1320 1321
1073 1074
701 702
622 623
1475 1476
804 805
1635 1636
1128 1129
577 578
1332 1333
1206 1207
1001 1002
920 921
339 340
1874 1875
1141 1142
507 508
1772 1773
823 824
1882 1883
377 378
1851 1852
273 274
1048 1049
1754 1755
169 170
1130 1131
1810 1811
265 266
274 275
1138 1139
572 573
1075 1076
82 83
722 723
340 341
1984 1985
1307 1308
737 738
1934 1935
421 422
1368 1369
1279 1280
1840 1841
393 394
1899 1900
620 621
1795 1796
833 834
788 789
1650 1651
1544 1545
1530 1531
143 144
260 261
1614 1615
1531 1532
1903 1904
1065 1066
1712 1713
1426 1427
480 481
1606 1607
471 472
195 196
1777 1778
568 569
464 465
1607 1608
211 212
889 890
1762 1763
401 402
813 814
983 984
1390 1391
427 428
1742 1743
20 21
1763 1764
345 346
1978 1979
62 63
1707 1708
709 710
1395 1396
1081 1082
974 975
748 749
1256 1257
386 387
1170 1171
1164 1165
1082 1083
674 675
679 680
155 156
1633 1634
280 281
1021 1022
1404 1405
355 356
695 696
492 493
13 14
1728 1729
208 209
521 522
37 38
778 779
1711 1712
132 133
1428 1429
1574 1575
87 88
1969 1970
1259 1260
1462 1463
1458 1459
165 166
1820 1821
114 115
258 259
1779 1780
1031 1032
1963 1964
151 152
439 440
1122 1123
1367 1368
1942 1943
1165 1166
1656 1657
1157 1158
1798 1799
1454 1455
494 495
851 852
708 709
1286 1287
1282 1283
1511 1512
1499 1500
1970 1971
1818 1819
526 527
1867 1868
984 985
1125 1126
1659 1660
1172 1173
63 64
1479 1480
1126 1127
1823 1824
23 24
1342 1343
1298 1299
627 628
1442 1443
730 731
1857 1858
440 441
537 538
1595 1596
1215 1216
1887 1888
1240 1241
1271 1272
1110 1111
784 785
1364 1365
666 667
309 310
655 656
1413 1414
1481 1482
1047 1048
814 815
77 78
555 556
1118 1119
1235 1236
779 780
215 216
74 75
1289 1290
1346 1347
385 386
1681 1682
652 653
1902 1903
495 496
161 162
1187 1188
105 106
1264 1265
707 708
451 452
503 504
44 45
1958 1959
1392 1393
437 438
1679 1680
792 793
1782 1783
610 611
1943 1944
149 150
252 253
199 200
498 499
549 550
1566 1567
1725 1726
310 311
1209 1210
1609 1610
1928 1929
805 806
1224 1225
1995 1996
1033 1034
1025 1026
806 807
287 288
322 323
1231 1232
1451 1452
1739 1740
1571 1572
1534 1535
159 160
1436 1437
1980 1981
1412 1413
1043 1044
1207 1208
1266 1267
1956 1957
866 867
1244 1245
259 260
608 609
816 817
972 973
1955 1956
1425 1426
1745 1746
51 52
787 788
240 241
1365 1366
617 618
1965 1966
356 357
1522 1523
1549 1550
736 737
137 138
449 450
170 171
1555 1556
122 123
783 784
1097 1098
1145 1146
1590 1591
1189 1190
1764 1765
1057 1058